<?xml version="1.0"?>
<opencv_storage>
<IntrinsciParamL type_id="opencv-matrix">
  <rows>3</rows>
  <cols>3</cols>
  <dt>d</dt>
  <data>
    4.5779782104492188e+02 0. 2.0025538509418766e+02 0.
    8.1943676757812500e+02 1.3653334634924249e+02 0. 0. 1.</data></IntrinsciParamL>
<IntrinsicParamR type_id="opencv-matrix">
  <rows>3</rows>
  <cols>3</cols>
  <dt>d</dt>
  <data>
    4.5523144531250000e+02 0. 2.1368544532603119e+02 0.
    8.2209802246093750e+02 1.4004316107009436e+02 0. 0. 1.</data></IntrinsicParamR>
<EssentialMatrix type_id="opencv-matrix">
  <rows>3</rows>
  <cols>3</cols>
  <dt>d</dt>
  <data>
    7.7390600520998065e-04 1.7853578060718234e-01
    -3.3919362168338907e-01 -3.2909999487546687e-01
    1.3876069791750986e-01 3.5828643704701392e+01 4.6520882768444760e-01
    -3.5828272479530796e+01 1.4133317333819473e-01</data></EssentialMatrix>
<FundametalMatrix type_id="opencv-matrix">
  <rows>3</rows>
  <cols>3</cols>
  <dt>d</dt>
  <data>
    -8.6138543745439588e-08 -1.1101785964099640e-05
    1.8816474416511998e-02 2.0283637209585731e-05
    -4.7779621925236052e-06 -1.0143417991299819e+00
    -2.6393802364886646e-02 1.0172463130553657e+00 1.</data></FundametalMatrix>
<Error type_id="opencv-matrix">
  <rows>6</rows>
  <cols>2</cols>
  <dt>d</dt>
  <data>
    7.3262214363097100e-01 7.8393196113322838e-01 7.1589049773215507e-01
    7.2952298813085004e-01 7.0370504191735050e-01 6.8233209319573951e-01
    5.4229699011914712e-01 5.8268227947500795e-01 6.0754017436934893e-01
    6.1180206773745716e-01 9.0873765359547753e-01 8.5721844444106265e-01</data></Error>
<Rotation type_id="opencv-matrix">
  <rows>3</rows>
  <cols>3</cols>
  <dt>d</dt>
  <data>
    9.9998507060455522e-01 3.5528343629548402e-03 4.1516184786452703e-03
    -3.5366244102034289e-03 9.9998612024659028e-01
    -3.9053299416453376e-03 -4.1654358456198609e-03
    3.8905889221768990e-03 9.9998375609909518e-01</data></Rotation>
<Translation type_id="opencv-matrix">
  <rows>3</rows>
  <cols>1</cols>
  <dt>d</dt>
  <data>
    -3.5829972413513097e+01 -3.3849672618138366e-01
    -1.7985522856647873e-01</data></Translation>
<distL type_id="opencv-matrix">
  <rows>1</rows>
  <cols>5</cols>
  <dt>d</dt>
  <data>
    5.5097317173155844e-02 -1.2891539717017231e+00
    -3.4555298188596040e-02 -1.8180815761974008e-03
    3.5805220284311647e+00</data></distL>
<distR type_id="opencv-matrix">
  <rows>1</rows>
  <cols>5</cols>
  <dt>d</dt>
  <data>
    7.1874953418527079e-02 -1.2540552233194298e+00
    -3.4836333095244157e-02 1.6408885263324514e-03
    2.6013246488368305e+00</data></distR>
</opencv_storage>
