<?xml version="1.0"?>
<opencv_storage>
<IntrinsciParamL type_id="opencv-matrix">
  <rows>3</rows>
  <cols>3</cols>
  <dt>d</dt>
  <data>
    1.0622189941406250e+03 0. 4.4749800890740153e+02 0.
    2.1169396972656250e+03 5.4187652682780026e+02 0. 0. 1.</data></IntrinsciParamL>
<IntrinsicParamR type_id="opencv-matrix">
  <rows>3</rows>
  <cols>3</cols>
  <dt>d</dt>
  <data>
    1.0629261474609375e+03 0. 4.6791003796433870e+02 0.
    2.1249045410156250e+03 5.5051759338792181e+02 0. 0. 1.</data></IntrinsicParamR>
<EssentialMatrix type_id="opencv-matrix">
  <rows>3</rows>
  <cols>3</cols>
  <dt>d</dt>
  <data>
    -6.2954049229366690e-03 -1.8481808673928044e+00
    -1.6252031908252258e-02 1.4521950886752673e+00
    9.3659183642722230e-02 3.4693444067316548e+01
    -1.0120742711999507e-01 -3.4674450413294799e+01
    9.8990436615729760e-02</data></EssentialMatrix>
<FundametalMatrix type_id="opencv-matrix">
  <rows>3</rows>
  <cols>3</cols>
  <dt>d</dt>
  <data>
    6.4943447748302795e-07 9.5666903621209720e-05
    -5.0349395251368133e-02 -7.4937689940212320e-05
    -2.4251091022648300e-06 -1.8668286934512548e+00
    5.2048190734602318e-02 1.8643587339558108e+00 1.</data></FundametalMatrix>
<Error type_id="opencv-matrix">
  <rows>17</rows>
  <cols>2</cols>
  <dt>d</dt>
  <data>
    4.8790052825745162e-01 5.3299061824918648e-01 5.7476445316517588e-01
    5.8892621709171677e-01 1.2172255756849577e+00 1.1527332623423900e+00
    9.4589710737084598e-01 9.0669524472088114e-01 1.3021749694995770e+00
    1.2269594138182260e+00 7.7252683950899614e-01 7.7819998736417462e-01
    5.5978763502974116e-01 5.3843206102793595e-01 9.4767950897026176e-01
    8.8218728416987213e-01 4.5920786802397945e-01 4.5478360903032122e-01
    6.1105179809268761e-01 5.1225174958412933e-01 5.9055286479007496e-01
    5.1293951408966698e-01 4.5796211054219127e-01 4.3845908164459219e-01
    4.4446944475328221e-01 4.5306146646138301e-01 3.5372199969608981e-01
    2.8321898824497510e-01 6.1729687751955020e-01 5.4668843052884897e-01
    5.0499061187487682e-01 4.7225598130816482e-01 1.7034476319536338e+00
    1.6230945269678265e+00</data></Error>
<Rotation type_id="opencv-matrix">
  <rows>3</rows>
  <cols>3</cols>
  <dt>d</dt>
  <data>
    9.9992858364954729e-01 -3.5064943883170241e-03
    1.1425064451235645e-02 3.5392465766108947e-03 9.9998968200325267e-01
    -2.8477395778878237e-03 -1.1414960984608546e-02
    2.8879723229667340e-03 9.9993067673793345e-01</data></Rotation>
<Translation type_id="opencv-matrix">
  <rows>3</rows>
  <cols>1</cols>
  <dt>d</dt>
  <data>
    -3.4674732739452367e+01 -2.1516538655674589e-02
    1.8481377973044619e+00</data></Translation>
<distL type_id="opencv-matrix">
  <rows>1</rows>
  <cols>5</cols>
  <dt>d</dt>
  <data>
    -2.7462313539039901e-01 1.9723831732916808e-01
    9.5805945479793036e-04 9.7369094578768172e-04
    -7.4608248528804169e-02</data></distL>
<distR type_id="opencv-matrix">
  <rows>1</rows>
  <cols>5</cols>
  <dt>d</dt>
  <data>
    -2.7806809890284467e-01 2.1539619339505725e-01
    7.6165994310519900e-04 8.9447996189682516e-05
    -8.3014851175013130e-02</data></distR>
</opencv_storage>
