<?xml version="1.0"?>
<opencv_storage>
<ProjectiveMatL type_id="opencv-matrix">
  <rows>3</rows>
  <cols>4</cols>
  <dt>d</dt>
  <data>
    2.1209221191406250e+03 0. 5.5379711914062500e+02 0. 0.
    2.1209221191406250e+03 5.4782284545898438e+02 0. 0. 0. 1. 0.</data></ProjectiveMatL>
<ProjectiveMatR type_id="opencv-matrix">
  <rows>3</rows>
  <cols>4</cols>
  <dt>d</dt>
  <data>
    2.1209221191406250e+03 0. 5.5379711914062500e+02
    -7.3646807765840131e+04 0. 2.1209221191406250e+03
    5.4782284545898438e+02 0. 0. 0. 1. 0.</data></ProjectiveMatR>
</opencv_storage>
